Matriz 1
4 2 6 6 3 1 5 7 0 5 7 7 2 2 2 8 4 1 3 2 9 1 9 2 4 1 8 7 2 6 3 4 3 8 7 9 0 8 3 4 
7 6 0 2 6 9 8 1 6 2 0 1 2 2 8 7 4 4 0 0 3 2 6 2 4 1 5 7 3 3 9 8 4 3 5 2 2 7 3 1 
6 1 4 1 7 8 4 6 0 0 5 2 7 3 6 0 6 0 3 5 6 3 4 8 5 9 3 5 5 6 5 5 4 2 0 6 0 0 0 5 
8 8 1 8 6 6 0 5 2 7 8 5 8 6 4 0 1 8 3 7 2 8 5 1 3 6 8 5 5 8 5 6 9 4 1 1 4 7 2 7 
0 2 7 7 3 0 9 5 5 4 6 0 0 6 8 5 0 0 5 6 2 0 3 5 9 0 1 4 5 8 9 2 6 8 4 0 6 1 3 8 
9 7 3 7 4 9 1 2 3 0 7 7 1 8 3 2 4 1 4 7 6 4 6 8 1 7 0 0 3 0 5 8 6 3 1 3 8 3 7 8 
9 0 7 1 1 8 9 3 0 1 6 5 0 7 7 3 3 5 6 1 3 7 6 7 8 2 6 4 8 6 4 3 5 9 4 6 6 3 6 3 
5 5 9 1 9 1 4 9 1 2 6 9 3 0 1 7 3 7 5 6 3 1 2 4 9 4 8 9 3 2 4 8 2 0 0 6 8 2 2 9 
0 2 4 2 5 9 6 4 8 5 9 1 1 0 0 4 5 3 8 0 3 4 8 6 0 6 8 6 6 2 4 7 6 6 2 9 6 5 6 4 
5 0 7 0 8 5 2 1 3 9 5 2 9 4 0 2 5 7 7 8 9 5 1 1 3 2 5 4 0 5 6 9 4 1 8 6 2 0 7 6 
6 0 4 0 1 2 6 6 6 4 7 3 1 3 6 6 2 5 9 9 2 8 9 8 1 5 8 5 5 0 9 1 3 5 6 7 8 2 6 1 
2 3 6 2 6 7 9 9 3 6 4 2 2 9 7 4 0 0 0 3 3 0 1 9 6 5 0 4 4 1 3 5 4 2 4 4 4 8 8 7 
4 1 7 0 4 6 4 0 0 3 7 5 8 8 1 2 3 5 8 3 0 3 1 1 7 7 8 9 6 1 4 0 9 9 3 5 9 0 2 6 
1 4 6 7 2 7 6 4 9 7 6 0 7 0 2 4 0 9 0 6 4 7 7 3 8 6 3 5 5 3 8 4 1 3 3 8 4 0 1 1 
8 0 8 0 0 7 8 9 1 8 6 6 9 2 0 2 0 7 2 7 4 9 2 1 2 5 3 3 4 0 7 7 3 3 8 9 2 4 6 1 
8 8 3 0 6 6 5 4 4 7 1 6 2 3 6 2 2 0 3 0 6 4 0 4 0 4 4 8 7 7 0 8 9 1 0 0 0 6 1 7 
6 6 0 2 9 4 6 6 8 3 7 5 1 9 4 1 5 2 6 9 8 9 7 6 4 0 3 5 4 5 2 4 9 7 5 5 1 7 7 4 
7 9 2 5 0 7 4 1 2 4 3 8 4 4 3 9 3 9 4 8 9 2 2 7 7 9 6 9 5 1 1 4 9 2 7 2 3 4 2 7 
0 0 0 4 4 8 4 0 2 2 4 3 2 4 0 3 5 6 8 3 4 9 6 8 3 9 6 9 5 4 5 8 8 4 3 4 4 4 7 9 
5 6 0 9 9 0 0 6 9 5 6 3 5 0 9 0 8 7 9 3 0 7 9 9 4 6 3 0 0 9 0 0 2 9 2 8 3 5 1 7 
5 1 0 5 0 3 3 3 4 6 7 2 1 9 6 8 4 0 5 1 5 9 6 9 5 3 0 5 1 6 5 6 2 7 4 7 1 5 5 2 
4 8 7 4 8 7 7 3 8 6 8 6 8 8 0 8 3 5 5 3 8 0 2 5 6 4 2 0 8 8 1 3 5 9 2 1 5 7 5 3 
3 2 9 0 0 6 1 1 2 2 3 2 8 3 1 4 8 5 2 4 3 9 9 7 1 0 6 6 4 0 8 7 9 5 1 5 1 0 2 3 
0 4 3 9 9 0 7 7 4 3 8 6 2 0 1 9 5 0 4 9 0 9 6 5 3 2 9 7 7 5 4 8 6 1 2 8 0 8 4 0 
4 0 0 9 9 6 0 0 0 0 2 1 9 6 4 8 4 4 9 7 4 5 2 9 0 3 1 4 6 9 0 9 4 0 3 4 3 6 6 3 
8 2 5 3 1 3 4 5 1 0 4 1 2 4 3 7 9 3 9 5 4 1 8 9 9 8 9 4 5 4 1 7 4 2 3 0 6 4 1 3 
8 6 7 3 5 7 9 3 9 7 4 9 2 6 7 4 7 5 6 6 7 3 4 3 7 4 4 6 6 8 7 9 0 7 4 8 9 1 6 2 
1 0 6 9 6 3 4 6 3 9 2 9 7 8 3 6 5 2 9 9 3 4 2 8 2 2 3 6 4 1 3 9 3 8 9 4 2 3 1 2 
4 0 9 5 9 1 5 3 8 4 9 1 6 1 9 9 1 8 1 4 9 1 8 4 4 2 1 9 1 6 3 2 7 5 1 1 3 7 8 2 
1 9 4 9 2 5 0 2 1 7 3 6 2 1 1 5 0 3 9 5 5 0 5 9 5 4 5 8 0 9 5 7 6 0 7 3 3 9 4 1 
4 2 0 8 5 0 9 8 0 8 9 9 6 2 9 2 9 2 1 4 9 3 1 6 2 1 9 1 5 5 5 4 0 0 9 3 0 1 7 1 
4 8 2 6 1 2 6 5 0 3 1 0 4 2 7 8 0 0 0 0 7 0 1 8 7 9 3 0 5 4 1 6 7 2 2 6 2 1 2 7 
1 1 8 2 4 3 0 8 2 3 4 6 0 8 8 0 0 3 7 1 5 3 5 2 1 3 8 0 6 7 0 9 0 8 2 0 4 1 1 6 
1 8 6 5 4 5 4 6 6 9 6 9 8 1 3 2 5 0 1 1 2 3 7 8 7 0 4 9 1 3 7 0 7 1 5 6 4 0 3 9 
5 1 1 5 9 3 9 7 0 3 3 7 3 1 0 5 5 1 2 7 4 4 6 0 5 9 2 3 2 4 3 3 3 6 6 2 9 4 8 7 
9 5 3 2 5 0 0 1 4 3 4 7 4 3 7 8 3 3 3 1 4 4 0 7 3 2 3 7 3 4 5 5 5 2 6 1 5 6 1 0 
9 7 7 0 5 2 8 9 9 6 3 9 9 4 8 6 5 7 1 8 7 0 5 5 4 5 3 9 1 7 2 1 7 3 6 2 3 1 1 9 
8 6 8 0 7 6 7 6 0 3 2 6 7 1 5 3 6 1 2 4 9 9 7 5 9 5 7 3 6 3 7 6 2 0 0 4 4 0 9 9 
4 8 8 5 5 5 3 2 5 7 7 0 3 3 8 1 1 4 5 3 1 5 3 2 5 9 8 2 2 4 8 5 9 3 6 3 8 6 9 6 
1 2 8 8 1 2 9 9 5 1 6 2 0 5 2 9 8 0 6 5 5 1 2 2 7 6 4 0 4 5 3 9 0 3 0 7 4 2 2 4 

Matriz 2
1 5 9 8 8 4 0 8 8 3 1 6 3 5 1 6 8 7 5 1 0 3 8 9 0 2 2 9 0 6 6 0 1 0 0 9 0 7 7 1 
6 9 7 1 2 9 6 4 6 2 6 4 6 6 1 3 4 2 1 4 8 9 3 6 8 6 0 6 1 3 4 0 0 2 8 2 7 6 6 9 
8 0 8 9 3 7 3 6 3 4 6 3 1 6 4 6 5 6 8 6 1 3 8 1 0 0 5 0 2 9 7 2 8 6 1 5 8 9 5 8 
1 0 0 3 8 5 5 8 9 7 1 9 3 2 8 6 8 2 7 8 5 3 0 5 5 6 1 8 9 2 9 7 4 5 8 8 2 8 7 4 
8 4 1 4 3 5 6 2 9 2 8 2 4 5 1 8 9 0 2 0 1 1 2 5 9 2 6 3 0 4 7 3 4 4 2 6 2 1 0 1 
6 9 3 8 6 1 2 2 3 8 7 1 8 0 3 2 5 9 1 8 0 4 9 2 7 6 5 7 8 3 4 8 7 8 4 7 6 3 4 6 
4 1 7 1 3 8 4 3 1 1 8 0 3 3 9 8 3 8 0 7 4 4 1 0 3 7 3 1 7 8 0 4 5 3 0 4 7 2 2 5 
1 1 7 4 8 8 8 3 0 1 5 0 1 1 5 6 5 6 2 0 6 5 9 6 7 0 4 0 9 1 8 6 3 4 2 1 2 0 3 5 
0 5 1 0 3 8 8 6 5 8 0 1 6 1 4 3 2 3 2 7 0 3 4 7 0 5 5 5 0 5 7 1 9 2 1 1 1 4 9 4 
2 9 2 1 9 5 7 5 2 7 4 6 0 0 9 5 9 5 1 0 2 5 9 2 8 4 5 4 6 8 3 8 4 1 8 1 3 6 0 9 
8 6 4 9 5 5 7 7 3 4 2 7 8 7 0 9 8 4 3 8 6 0 8 5 9 5 3 4 0 2 6 8 4 0 3 5 6 5 3 7 
2 4 7 9 1 3 9 0 8 7 2 1 3 7 2 2 6 4 8 2 7 6 7 9 4 8 7 2 7 3 1 7 3 4 7 0 8 7 2 8 
7 1 6 5 2 9 5 7 8 5 1 5 6 1 1 5 3 3 1 9 8 2 7 9 4 1 2 0 2 7 3 9 6 1 0 5 0 4 7 7 
2 1 8 1 9 9 7 3 9 3 5 8 0 0 2 2 9 9 6 7 8 8 2 4 5 0 9 8 6 8 2 1 0 7 2 4 8 5 0 2 
2 4 0 5 6 3 0 7 4 3 6 4 7 5 6 7 8 4 1 2 2 2 1 4 9 2 3 3 5 9 6 7 3 6 8 8 5 2 8 5 
7 8 9 3 4 0 4 3 8 5 6 5 5 0 7 7 6 0 1 6 6 2 8 6 5 0 5 3 1 5 8 7 1 9 4 7 9 9 4 3 
7 4 6 5 8 3 8 5 1 1 2 9 4 3 5 2 9 9 0 9 9 3 3 1 2 7 5 0 9 3 9 0 0 6 2 9 1 9 1 8 
4 9 6 1 1 8 0 0 6 0 5 7 7 5 0 0 7 4 2 2 9 2 9 1 6 7 6 3 0 0 8 8 6 5 2 8 5 1 9 6 
8 2 1 5 7 9 0 2 9 8 1 9 5 8 7 6 4 7 3 5 0 0 0 6 9 2 1 6 1 9 4 0 3 0 7 9 3 9 3 0 
8 7 1 8 5 3 9 7 1 7 8 5 5 7 6 2 0 6 5 2 3 1 1 6 7 7 6 1 8 0 1 3 6 2 9 1 8 9 2 3 
7 7 5 9 6 4 0 4 3 2 4 4 5 4 2 0 6 8 7 3 8 4 0 6 4 9 9 5 6 1 1 9 5 1 0 7 9 1 3 8 
0 2 5 4 6 0 1 2 9 0 4 2 2 3 1 2 2 5 8 9 1 8 5 0 0 7 9 2 4 6 1 9 5 2 7 8 6 8 8 1 
6 0 5 5 6 2 4 2 1 9 4 2 7 1 7 3 7 5 7 0 7 4 5 9 5 2 4 0 0 7 3 9 9 1 3 6 9 8 9 6 
6 4 9 7 9 9 9 9 0 1 9 8 9 6 3 1 7 2 5 5 0 2 8 8 6 1 8 0 4 4 6 9 0 9 6 0 5 4 8 3 
0 5 7 7 8 8 5 3 1 2 5 7 4 4 8 2 5 4 6 7 7 0 5 8 2 8 3 3 0 0 9 5 9 5 8 5 5 9 1 1 
6 1 2 1 5 0 8 0 6 2 9 7 3 8 6 3 2 5 7 5 1 8 5 1 1 8 4 1 2 8 9 9 8 1 4 5 6 9 8 9 
7 4 0 8 2 8 1 6 9 2 9 1 5 7 3 5 7 8 5 1 0 2 6 0 3 1 1 4 6 8 5 3 4 6 9 6 9 5 6 1 
5 7 4 1 8 8 7 1 6 8 0 9 7 2 0 0 8 0 3 0 8 8 9 5 8 4 3 6 0 3 0 8 7 7 4 0 2 0 3 8 
9 9 2 7 2 7 1 0 1 2 8 1 7 6 7 2 0 4 3 7 0 2 2 1 3 1 0 6 0 7 1 6 5 7 3 5 9 5 1 5 
0 9 2 6 8 6 1 1 9 5 4 0 9 6 5 9 4 6 1 7 4 4 1 7 0 2 1 9 3 7 8 9 0 8 3 5 5 8 0 7 
2 0 4 8 6 9 6 1 6 1 6 2 1 9 4 4 0 0 2 5 8 6 1 5 5 9 6 2 9 4 1 2 1 9 0 9 9 6 4 0 
8 0 5 1 5 5 1 3 3 6 1 4 8 4 2 5 5 7 1 1 6 3 1 9 2 8 6 8 4 1 4 5 1 6 2 8 4 1 0 8 
8 3 2 6 7 8 8 5 3 4 7 5 5 1 8 9 2 6 7 4 1 1 2 9 4 0 0 2 7 3 9 2 7 8 6 8 6 9 2 9 
7 0 0 7 9 2 9 0 2 6 9 8 2 0 9 3 5 3 6 4 5 4 1 4 3 7 3 2 9 3 6 8 0 8 1 5 4 2 3 3 
4 9 8 0 7 3 8 5 4 1 7 6 1 9 6 7 2 8 2 0 7 9 2 2 0 4 6 2 4 1 9 5 6 4 6 9 1 3 6 8 
9 2 0 0 0 1 8 2 2 2 9 3 7 2 6 4 4 6 7 6 8 4 3 7 6 3 9 5 6 1 7 7 9 1 7 6 9 0 9 9 
7 5 9 1 5 4 4 3 7 8 4 1 7 2 0 5 1 2 4 0 8 9 3 2 4 4 0 6 6 5 8 8 4 6 5 5 5 8 0 1 
3 4 0 0 8 1 8 0 7 8 4 2 7 7 0 4 2 8 2 9 2 8 3 4 8 4 6 3 3 9 7 1 1 2 0 5 8 5 8 0 
9 0 1 9 5 4 0 2 2 8 8 7 0 9 7 9 2 3 8 9 1 6 9 8 9 1 2 2 9 3 9 2 7 5 0 0 1 9 8 2 
4 1 0 6 6 6 7 6 6 4 8 2 8 1 8 3 9 3 1 8 8 8 8 3 9 2 4 4 9 7 0 3 9 4 7 0 7 3 4 2 

Resultado 2
895 680 694 835 981 829 895 600 795 757 884 746 809 698 809 805 951 877 708 741 861 721 783 886 834 686 766 613 781 769 904 966 745 740 678 891 994 853 754 905 
724 676 645 638 847 786 675 514 746 647 775 600 779 609 633 690 769 728 458 661 671 659 652 754 724 674 638 615 623 715 779 751 622 763 530 882 811 714 702 714 
817 575 623 823 867 809 752 586 669 557 834 656 808 638 653 649 805 775 580 728 640 565 691 780 723 627 678 536 663 711 750 873 696 684 589 806 823 749 639 796 
922 829 715 924 1098 1056 935 716 1077 851 951 838 980 800 757 872 1006 939 744 881 842 833 905 966 981 806 748 806 828 923 975 1047 832 820 846 1013 1033 1057 847 942 
739 595 634 792 987 966 828 628 701 689 876 697 738 639 876 806 780 690 579 766 722 623 603 777 789 617 590 588 764 773 823 813 691 835 668 771 887 879 568 684 
936 626 753 896 993 848 869 686 836 793 894 792 862 733 700 737 881 849 755 834 750 775 771 932 881 755 763 703 843 759 874 863 732 754 702 878 961 993 767 808 
934 724 825 978 1066 958 791 625 832 742 1029 800 888 779 850 834 934 974 787 891 750 744 852 856 824 722 768 705 813 910 953 1009 804 906 720 1014 1055 990 798 824 
957 716 816 860 870 1003 877 627 867 716 902 719 898 769 685 766 949 768 666 689 870 698 931 886 905 715 735 627 693 747 901 909 830 782 761 814 985 893 679 842 
1049 681 627 794 942 898 879 585 775 822 949 735 935 703 797 810 865 871 671 845 696 718 841 816 897 710 733 646 761 844 942 967 860 781 681 909 977 887 810 891 
946 720 692 838 914 921 763 657 843 710 845 787 772 747 702 781 871 888 632 751 784 669 797 840 812 725 813 635 756 731 841 872 823 684 647 926 838 866 681 877 
967 704 771 877 995 929 885 669 820 768 996 792 843 826 822 810 827 868 760 754 731 748 852 848 885 714 800 580 788 879 911 981 839 776 765 943 1028 1001 900 782 
814 615 708 719 967 888 886 613 667 683 954 684 750 644 759 771 836 801 593 791 675 743 803 793 894 590 745 568 787 792 858 837 736 781 611 698 886 773 678 772 
953 647 690 831 896 945 853 556 860 713 904 804 780 656 722 722 829 798 700 778 752 686 806 729 792 640 618 611 703 825 832 881 820 784 704 867 910 918 631 792 
810 722 699 726 852 897 821 609 739 692 860 698 829 637 752 682 777 748 647 799 788 668 810 779 750 803 745 593 658 706 859 1038 902 705 686 871 929 853 829 886 
872 660 783 805 874 845 819 592 741 669 891 688 704 736 711 767 747 918 689 766 752 747 896 794 756 750 821 550 793 738 815 960 838 651 607 888 907 834 799 904 
725 697 585 689 853 832 686 538 766 640 738 572 786 589 605 675 808 762 499 648 540 665 695 754 734 567 590 658 607 792 677 741 598 677 601 709 793 720 571 813 
990 809 764 946 1161 1037 1029 720 912 846 1023 866 940 807 851 878 997 1020 805 920 824 821 808 1048 999 809 906 736 882 866 974 959 847 820 782 969 1046 1010 841 913 
995 941 867 886 1045 1006 960 719 936 790 1004 936 972 806 819 735 978 933 753 835 887 822 932 942 924 847 800 729 786 808 961 1034 882 856 881 954 1076 1035 858 1019 
983 671 650 828 1025 908 853 563 877 782 959 837 932 746 791 725 879 865 726 887 752 783 821 829 885 774 780 664 812 824 874 1004 855 851 751 928 982 954 790 842 
822 685 601 782 1045 910 957 711 913 760 892 844 951 720 828 814 1012 816 678 852 763 691 773 928 912 723 742 634 729 866 1078 1000 770 685 823 932 836 956 938 840 
744 620 697 728 1052 777 821 597 771 705 798 819 771 618 754 722 881 799 664 832 739 708 718 867 781 676 800 645 725 765 852 941 624 745 654 865 873 870 750 759 
1037 884 853 950 1067 1086 982 691 966 878 1015 850 954 774 852 907 985 951 722 1018 841 771 881 986 935 787 795 766 782 945 1058 1024 807 880 677 956 1062 1067 765 970 
866 527 680 797 807 810 719 573 651 606 767 675 745 551 619 582 746 737 628 722 686 577 747 743 650 594 692 455 670 682 694 811 694 746 568 841 861 817 706 786 
970 706 664 818 947 915 958 647 875 778 930 735 898 792 808 881 874 834 710 858 738 681 773 917 902 724 775 625 766 801 938 948 776 798 805 908 1028 990 780 868 
900 673 614 738 925 805 688 607 897 741 784 788 888 682 651 751 819 768 586 828 641 592 650 874 829 567 696 688 655 752 869 891 623 760 646 903 791 875 691 721 
905 673 801 835 1009 908 771 660 775 694 852 816 872 738 757 723 887 894 655 745 707 619 764 829 733 652 650 610 648 822 950 854 698 774 703 936 914 1008 707 764 
1099 945 960 1030 1189 1162 1025 762 1035 971 1098 931 1050 927 969 961 1107 1095 829 976 1011 931 945 1081 994 1011 955 901 971 1008 1116 1153 950 992 856 1128 1177 1150 883 1108 
948 698 777 812 1073 973 1020 704 880 829 899 909 791 721 859 792 962 901 709 780 819 735 774 910 888 750 867 642 880 820 902 992 736 842 802 917 915 937 707 916 
924 738 706 869 993 937 828 682 840 834 864 810 898 707 755 878 958 754 690 808 771 642 863 949 922 666 743 600 648 833 1004 1008 855 797 576 896 916 911 843 883 
846 774 679 745 995 919 847 607 861 822 808 800 867 796 716 756 831 791 648 716 736 727 736 925 874 701 678 684 691 739 918 901 684 765 792 833 910 957 738 873 
802 710 708 862 916 893 792 712 748 584 845 728 723 800 752 827 920 861 590 734 776 647 727 790 820 718 730 558 856 724 848 929 636 697 694 858 828 815 692 878 
707 546 595 612 763 733 662 565 599 477 817 602 708 524 714 646 701 640 520 661 609 562 590 720 644 525 530 524 612 638 771 785 600 643 619 697 789 704 620 746 
694 492 525 714 783 749 572 469 694 601 721 533 665 573 607 623 774 741 555 546 567 565 579 628 648 501 581 567 625 731 681 767 546 653 571 706 791 667 514 656 
827 706 765 839 955 1018 1010 715 778 752 859 729 839 642 783 761 940 737 651 790 865 763 920 917 894 681 717 562 795 772 849 951 860 777 797 742 896 905 759 948 
848 600 690 771 929 744 870 531 785 726 905 677 710 691 790 794 786 779 660 717 770 764 732 785 782 735 670 537 818 727 884 897 768 687 630 804 840 922 642 754 
691 686 706 662 831 771 711 563 808 600 665 678 724 660 515 663 758 639 533 599 637 621 667 782 666 575 625 579 519 686 791 754 517 690 584 791 736 779 642 696 
932 898 931 928 1082 1136 1068 812 943 818 993 837 969 767 864 877 1075 947 696 808 960 842 1005 1039 939 777 841 668 827 930 998 1051 930 849 786 895 1010 993 870 1096 
986 693 855 1054 988 999 796 703 857 710 1031 722 884 821 817 815 957 916 770 894 827 792 939 935 883 791 815 629 851 899 877 992 905 810 739 944 1058 1030 820 890 
966 725 687 862 1041 1008 884 715 946 809 1031 816 868 871 838 949 881 893 736 876 733 838 846 857 931 753 699 700 830 945 1077 914 889 824 810 999 995 1080 881 891 
814 534 677 714 862 817 774 586 682 639 797 671 735 616 795 740 792 819 588 818 741 587 629 739 688 676 671 590 746 708 875 787 667 706 612 823 897 870 595 770 

